1090
5393
5394
5395
5398
5399
5403
5405
5406
5408
5410
5412
5414
5417
5422
5423
5424
5427
5431
5432
5434
5436
5438
5439
5441
5442
5445
5446
5448
5450
5451
5452
5455
5460
5462
5463
5464
5465
5466
5469
5471
5472
5473
5474
5476
5479
5480
5484
5485
5487
5490
5491
5492
5493
5494
5495
5497
5500
5501
5506
5507
5509
5510
5512
5514
5516
5517
5518
5519
5520
5521
5522
5523
5524
5538
5540
5541
5542
5543
5546
5548
5549
5550
5552
5553
5554
5556
5557
5562
5565
5568
5569
5570
5571
5572
5577
5580
5581
5582
5583
5584
5586
5587
5589
5590
5592
5593
5595
5596
5597
5599
5600
5601
5603
5605
5606
5613
5619
5621
5623
5624
5625
5628
5631
5632
5633
5635
5636
5640
5643
5645
5649
5650
5651
5652
5654
5655
5656
5659
5664
5666
5667
5669
5670
5675
5676
5679
5681
5689
5691
5695
5696
5697
5698
5703
5704
5705
5706
5711
5716
5717
5721
5722
5726
5730
5732
5734
5735
5741
5743
5744
5745
5747
5749
5750
5751
5752
5756
5758
5761
5762
5764
5766
5768
5769
5770
5773
5774
5777
5779
5780
5782
5784
5786
5787
5788
5789
5791
5793
5795
5797
5798
5799
5800
5801
5802
5804
5805
5811
5815
5816
5817
5821
5826
5827
5829
5831
5832
5833
5834
5835
5837
5838
5839
5843
5845
5847
5849
5850
5853
5855
5856
5857
5860
5861
5862
5863
5865
5866
5875
5877
5878
5879
5881
5882
5883
5884
5885
5886
5890
5891
5892
5893
5895
5897
5898
5902
5903
5904
5906
5910
5911
5915
5916
5917
5918
5919
5922
5924
5925
5926
5927
5929
5931
5932
5933
5934
5937
5938
5940
5943
5945
5946
5949
5950
5951
5952
5953
5954
5955
5956
5959
5960
5963
5964
5965
5966
5967
5968
5971
5973
5974
5975
5976
5980
5983
5985
5987
5989
5990
5993
5994
5995
5998
5999
7000
7001
7002
7008
7012
7013
7014
7015
7018
7019
7020
7021
7023
7024
7025
7026
7027
7028
7029
7031
7032
7034
7035
7037
7038
7039
7040
7041
7045
7046
7048
7049
7051
7052
7053
7054
7055
7056
7057
7058
7060
7061
7062
7063
7064
7067
7070
7073
7074
7075
7076
7077
7079
7083
7084
7086
7087
7089
7090
7092
7093
7098
7100
7101
7102
7103
7106
7113
7115
7118
7119
7121
7122
7131
7134
7135
7138
7141
7144
7148
7150
7151
7152
7153
7154
7155
8919
8923
8934
8939
8941
8942
8944
8957
8965
8966
8975
8977
8988
8989
8993
8994
8996
8997
8998
10002
10003
10005
10006
10009
10010
10011
10012
10014
10015
10016
10017
10019
10022
10029
10030
10031
10032
10035
10038
10039
10042
10043
10046
10049
10050
10051
10055
10056
10057
10065
10066
10068
10069
10071
10075
10078
10080
10082
10084
10085
10088
10089
10094
10100
10106
10109
10111
10113
10114
10115
10117
10118
10119
10120
10121
10122
10123
10124
10125
10126
10127
10131
10134
10135
10136
10137
10138
10140
10141
10142
10143
10144
10145
10146
10147
10148
10149
10150
10151
10152
10153
10154
10155
10156
10158
10159
10160
10161
10162
10163
10164
10165
10171
10173
10182
10183
10185
10193
10196
10198
10201
10202
10206
10207
10208
10210
10213
10215
10216
10218
10228
10232
10247
10252
10254
10255
10258
10272
10274
10284
10287
10288
10290
10295
10297
10298
10306
10307
10308
10310
10312
10314
10320
10337
10340
10342
10349
10367
10368
10374
10384
10387
10410
10470
10474
10481
10483
10486
10497
10503
10511
10515
10520
10521
10539
10540
10546
10547
10549
10554
10560
10567
10568
10572
10578
10589
10590
10598
10600
10603
10613
10616
10621
10623
10625
10626
10630
10633
10637
10647
10653
10655
10658
10664
10679
10680
10683
10694
10696
10702
10704
10705
10706
10707
10713
10714
10717
10719
10724
10728
10730
10731
10732
10735
10739
10745
10746
10749
10752
10756
10761
10766
10778
10781
10797
10798
10799
10800
10804
10805
10807
10809
10813
10814
10815
10816
10817
10821
10823
10829
10832
10834
10838
10839
10844
10848
10849
10850
10851
10857
10859
10860
10863
10871
10873
10874
10875
10877
10880
10888
10902
10904
10906
10907
10911
10917
10924
10926
10927
10931
10933
10935
10938
10940
10942
10945
10951
10953
10964
10968
2178068
1028160842
1082872338
1121199600
