5392
5396
5397
5400
5401
5402
5404
5407
5409
5411
5413
5415
5416
5418
5419
5420
5421
5428
5429
5430
5433
5435
5437
5440
5443
5444
5447
5449
5453
5454
5456
5458
5459
5461
5467
5468
5470
5475
5477
5478
5481
5482
5483
5486
5488
5489
5496
5498
5499
5502
5503
5504
5505
5508
5511
5513
5515
5525
5526
5529
5531
5532
5534
5535
5536
5537
5544
5545
5547
5551
5555
5558
5559
5560
5561
5563
5564
5566
5567
5573
5574
5575
5576
5578
5579
5585
5588
5591
5594
5602
5604
5607
5608
5610
5611
5612
5614
5615
5616
5617
5620
5622
5626
5627
5629
5630
5634
5637
5638
5639
5641
5642
5646
5647
5653
5657
5658
5660
5661
5662
5663
5665
5668
5671
5672
5673
5677
5678
5682
5683
5684
5685
5686
5687
5688
5690
5692
5693
5694
5700
5701
5702
5708
5709
5712
5713
5715
5719
5720
5725
5727
5731
5733
5736
5739
5740
5742
5746
5748
5753
5754
5755
5757
5759
5760
5763
5765
5767
5771
5772
5775
5776
5778
5781
5783
5785
5790
5792
5794
5796
5803
5806
5807
5809
5810
5812
5813
5814
5818
5819
5822
5823
5824
5825
5828
5830
5836
5840
5841
5842
5844
5846
5848
5851
5852
5854
5858
5859
5864
5867
5868
5869
5870
5871
5872
5873
5874
5876
5880
5887
5888
5889
5894
5896
5899
5900
5901
5905
5907
5908
5909
5912
5913
5914
5921
5923
5928
5936
5939
5941
5942
5944
5947
5948
5957
5958
5961
5962
5969
5970
5972
5977
5978
5979
5981
5982
5984
5988
5992
7003
7004
7005
7006
7007
7009
7010
7011
7016
7017
7022
7030
7033
7036
7042
7043
7044
7047
7050
7059
7065
7066
7068
7069
7071
7072
7078
7080
7081
7082
7085
7088
7091
7094
7095
7096
7097
7099
7104
7105
7107
7108
7109
7110
7111
7112
7114
7116
7117
7120
7123
7124
7125
7126
7127
7128
7129
7130
7132
7133
7136
7137
7139
7140
7142
7143
7145
7146
7147
7149
8920
8921
8922
8924
8925
8926
8927
8928
8929
8930
8931
8932
8933
8935
8936
8937
8938
8940
8943
8945
8946
8947
8948
8949
8950
8951
8952
8954
8955
8956
8958
8959
8960
8963
8964
8969
8970
8972
8973
8974
8976
8978
8981
8982
8983
8986
8987
8990
8991
8992
8995
8999
10001
10004
10007
10008
10013
10018
10020
10021
10023
10024
10025
10026
10027
10028
10033
10034
10036
10037
10040
10041
10044
10045
10047
10048
10052
10061
10062
10064
10067
10076
10077
10079
10081
10083
10087
10090
10091
10092
10093
10095
10096
10097
10098
10099
10101
10102
10103
10104
10105
10107
10108
10110
10112
10116
10128
10129
10130
10132
10133
10139
10157
10166
10167
10168
10169
10170
10172
10174
10175
10176
10177
10178
10179
10180
10181
10184
10186
10187
10188
10190
10191
10192
10194
10195
10197
10199
10200
10203
10204
10205
10209
10211
10212
10217
10219
10220
10221
10222
10223
10224
10225
10230
10233
10236
10237
10241
10242
10251
10253
10256
10257
10259
10260
10261
10262
10263
10264
10265
10266
10267
10268
10269
10270
10271
10273
10275
10276
10277
10278
10279
10280
10281
10282
10283
10286
10289
10291
10292
10293
10294
10296
10300
10301
10302
10303
10304
10305
10309
10311
10313
10315
10316
10317
10318
10319
10321
10322
10323
10324
10325
10326
10327
10328
10329
10330
10331
10332
10333
10334
10335
10336
10338
10339
10341
10369
10370
10385
10386
10388
10389
10390
10391
10407
10408
10409
10411
10412
10413
10420
10425
10426
10445
10446
10447
10455
10457
10458
10459
10460
10461
10462
10463
10464
10465
10466
10467
10469
10471
10472
10473
10475
10476
10477
10478
10479
10480
10482
10484
10485
10487
10488
10489
10490
10491
10492
10493
10494
10495
10496
10498
10499
10500
10501
10502
10504
10505
10506
10507
10508
10509
10510
10512
10513
10514
10516
10517
10518
10519
10522
10523
10524
10525
10526
10527
10528
10529
10530
10531
10532
10533
10534
10535
10536
10537
10538
10541
10542
10543
10544
10545
10548
10550
10551
10552
10553
10555
10556
10557
10558
10559
10561
10562
10563
10564
10565
10566
10570
10571
10573
10574
10575
10576
10577
10579
10580
10581
10582
10583
10584
10585
10586
10587
10588
10591
10592
10593
10594
10595
10596
10597
10599
10601
10602
10604
10605
10606
10607
10608
10609
10610
10611
10612
10614
10615
10617
10618
10619
10620
10622
10624
10627
10628
10629
10631
10632
10634
10635
10636
10638
10639
10640
10641
10642
10643
10644
10645
10646
10648
10649
10650
10651
10652
10654
10656
10657
10659
10660
10661
10662
10663
10665
10666
10667
10668
10669
10670
10671
10672
10673
10674
10675
10676
10677
10681
10682
10684
10685
10686
10687
10688
10689
10690
10691
10692
10693
10695
10697
10698
10699
10700
10701
10703
10708
10709
10710
10711
10712
10715
10716
10718
10720
10721
10722
10723
10725
10726
10727
10729
10733
10734
10736
10737
10738
10740
10741
10742
10743
10744
10747
10748
10750
10751
10753
10754
10755
10757
10758
10759
10760
10762
10763
10764
10765
10767
10768
10769
10770
10771
10772
10773
10774
10775
10777
10779
10780
10782
10783
10784
10785
10786
10787
10788
10789
10790
10791
10792
10793
10794
10795
10796
10801
10802
10803
10806
10808
10810
10811
10812
10818
10819
10820
10822
10824
10825
10826
10827
10828
10830
10831
10833
10835
10836
10837
10840
10841
10842
10843
10845
10846
10847
10852
10853
10854
10855
10856
10858
10861
10862
10864
10865
10866
10867
10868
10869
10870
10872
10876
10878
10879
10881
10882
10883
10884
10885
10886
10887
10890
10891
10892
10893
10894
10895
10896
10897
10898
10899
10900
10901
10903
10905
10908
10909
10910
10912
10913
10914
10915
10916
10918
10919
10920
10921
10922
10923
10925
10928
10929
10930
10932
10934
10936
10937
10939
10941
10943
10944
10946
10947
10948
10949
10950
10952
10954
10955
10956
10957
10958
10959
10960
10961
10963
10965
